===================================Accuracy Output 1=================================================
[0.3487555682659149, 0.522266685962677, 0.5241110920906067, 0.5496000051498413, 0.5702221989631653, 0.5560888648033142, 0.5493999719619751, 0.5471555590629578, 0.503422200679779, 0.5019999742507935, 0.5414222478866577, 0.5181999802589417, 0.5157333612442017, 0.49282222986221313, 0.5101333260536194, 0.4957999885082245, 0.4847111105918884, 0.5033777952194214, 0.484333336353302, 0.492333322763443]
====================================================================================
===================================Accuracy Output 2=================================================
[0.5997777581214905, 0.6908222436904907, 0.7275333404541016, 0.753777801990509, 0.7701333165168762, 0.7837555408477783, 0.7961111068725586, 0.8065999746322632, 0.8151777982711792, 0.8230666518211365, 0.829800009727478, 0.8324888944625854, 0.8392221927642822, 0.8440666794776917, 0.8480666875839233, 0.8517333269119263, 0.8567110896110535, 0.8615333437919617, 0.8628666400909424, 0.8651111125946045]
====================================================================================
===================================Loss=================================================
[0.902153491973877, 0.6865175366401672, 0.6029682755470276, 0.5495494604110718, 0.5133033990859985, 0.4823238253593445, 0.4586125314235687, 0.4375040829181671, 0.4157205820083618, 0.40341177582740784, 0.3885710835456848, 0.37783172726631165, 0.3656541109085083, 0.35471662878990173, 0.34855952858924866, 0.33858296275138855, 0.3322577476501465, 0.321365624666214, 0.3179819583892822, 0.3127528131008148]
====================================================================================
===============================================================================================================
Event Category Result
===============================================================================================================
>>>><<<<<>>>><<<>>>>><<<<>>><<<<>>>><<<<<>>>><<<<>>>><<<<>>>

              precision    recall  f1-score   support

      health       0.99      0.96      0.97      1048
    business       0.99      0.97      0.98      1008
   education       0.99      0.95      0.97      1268

   micro avg       0.99      0.96      0.97      3324
   macro avg       0.99      0.96      0.97      3324
weighted avg       0.99      0.96      0.97      3324
 samples avg       0.40      0.40      0.40      3324

0.9688
<<<<<<<<<<<<<<<<<<<<<<<<<<<<<<<<<<<<<<<<<<<<<<<<<<>>>>>>>>>>>>>>>>>>>>>>>>>>>>>>>>>>>>>>>>>>>>
Polarity Result
<<<<<<<<<<<<<<<<<<<<<<<<<<<<<<<<<<<<<<<<<<<<<<<<<<>>>>>>>>>>>>>>>>>>>>>>>>>>>>>>>>>>>>>>>>>>>>
[[8.65209460e-01 4.94377539e-02 2.21982710e-02 3.21494322e-03
  5.99395968e-02]
 [3.34674805e-01 2.27172762e-01 1.15264545e-03 1.13530390e-01
  3.23469430e-01]
 [8.49100530e-01 1.21952422e-01 4.10591112e-03 1.31554781e-02
  1.16857644e-02]
 ...
 [7.41835713e-01 2.01063514e-01 5.20804115e-02 1.19084644e-03
  3.82955256e-03]
 [1.27762277e-02 9.76197064e-01 2.93349940e-03 1.72815053e-05
  8.07580631e-03]
 [1.42636355e-02 1.42515376e-01 1.01457859e-04 6.81239297e-04
  8.42438281e-01]]
0.9306
              precision    recall  f1-score   support

           0       0.96      0.94      0.95      1720
           1       0.90      0.97      0.94      1891
           2       0.91      0.80      0.85       173
           3       0.93      0.79      0.85       188
           4       0.94      0.88      0.91      1028

    accuracy                           0.93      5000
   macro avg       0.93      0.88      0.90      5000
weighted avg       0.93      0.93      0.93      5000

[[1625   79    1    3   12]
 [  26 1832   11    1   21]
 [   5   30  138    0    0]
 [  10    2    0  149   27]
 [  28   82    1    8  909]]

