==================================Accuracy Output 1=================================================
[0.33606666326522827, 0.478977769613266, 0.4624222218990326, 0.46364444494247437, 0.487888902425766, 0.4751555621623993, 0.4925999939441681, 0.4909110963344574, 0.48366665840148926, 0.46808889508247375, 0.4797777831554413, 0.46115556359291077, 0.47726666927337646, 0.46504443883895874, 0.4881777763366699, 0.49773332476615906, 0.4753333330154419, 0.48811110854148865, 0.45686665177345276, 0.4693777859210968]
====================================================================================
===================================Accuracy Output 2=================================================
[0.6162889003753662, 0.7067999839782715, 0.7486222386360168, 0.7711555361747742, 0.7871333360671997, 0.7993777990341187, 0.8074889183044434, 0.8189111351966858, 0.8241111040115356, 0.8314889073371887, 0.8332889080047607, 0.8408222198486328, 0.8416444659233093, 0.8463777899742126, 0.8510222434997559, 0.852911114692688, 0.8575555682182312, 0.8597555756568909, 0.8655999898910522, 0.8650888800621033]
====================================================================================
===================================Loss=================================================
[0.876170814037323, 0.6555135250091553, 0.5664563179016113, 0.5176525712013245, 0.48119282722473145, 0.4578169584274292, 0.4344686269760132, 0.4140975773334503, 0.4024333357810974, 0.3892655074596405, 0.3780389428138733, 0.36688393354415894, 0.3626285195350647, 0.3530533015727997, 0.3459225594997406, 0.33927398920059204, 0.33212995529174805, 0.3279270529747009, 0.3200490176677704, 0.31495925784111023]
====================================================================================
===============================================================================================================
Event Category Result
===============================================================================================================
>>>><<<<<>>>><<<>>>>><<<<>>><<<<>>>><<<<<>>>><<<<>>>><<<<>>>
              precision    recall  f1-score   support

      health       0.99      0.97      0.98      1048
    business       0.99      0.96      0.98      1008
   education       0.99      0.96      0.97      1268

   micro avg       0.99      0.96      0.98      3324
   macro avg       0.99      0.96      0.98      3324
weighted avg       0.99      0.96      0.98      3324
 samples avg       0.40      0.40      0.40      3324

0.9696
<<<<<<<<<<<<<<<<<<<<<<<<<<<<<<<<<<<<<<<<<<<<<<<<<<>>>>>>>>>>>>>>>>>>>>>>>>>>>>>>>>>>>>>>>>>>>>
Polarity Result
<<<<<<<<<<<<<<<<<<<<<<<<<<<<<<<<<<<<<<<<<<<<<<<<<<>>>>>>>>>>>>>>>>>>>>>>>>>>>>>>>>>>>>>>>>>>>>
[[9.37094748e-01 4.11979221e-02 1.00252510e-03 1.19787501e-03
  1.95070170e-02]
 [2.59106867e-02 6.28816187e-01 1.91799845e-05 2.29672398e-04
  3.45024258e-01]
 [9.58343625e-01 2.10432429e-02 1.16065341e-04 2.49568286e-04
  2.02474501e-02]
 ...
 [8.74034405e-01 6.91656843e-02 4.11020301e-04 5.15039836e-04
  5.58738187e-02]
 [8.77380092e-03 9.79944587e-01 2.72503414e-04 1.25656231e-06
  1.10078203e-02]
 [1.02806345e-01 5.23406684e-01 2.01992050e-04 9.23238753e-04
  3.72661680e-01]]
0.9212
              precision    recall  f1-score   support

           0       0.95      0.95      0.95      1720
           1       0.91      0.96      0.94      1891
           2       0.95      0.72      0.82       173
           3       0.91      0.68      0.78       188
           4       0.90      0.87      0.88      1028

    accuracy                           0.92      5000
   macro avg       0.92      0.84      0.87      5000
weighted avg       0.92      0.92      0.92      5000

[[1639   51    0    4   26]
 [  33 1821    6    0   31]
 [   4   45  124    0    0]
 [  12    1    0  128   47]
 [  41   84    0    9  894]]

