===================================Accuracy Output 1=================================================
[0.4837111234664917, 0.48374444246292114, 0.4530999958515167, 0.43408888578414917, 0.4249444305896759, 0.4235111176967621, 0.41813334822654724, 0.418966680765152, 0.4104222357273102, 0.400133341550827, 0.38848888874053955, 0.3902333378791809, 0.3862888813018799, 0.3925110995769501, 0.3718111217021942, 0.37282222509384155, 0.37380000948905945, 0.3853999972343445, 0.38867777585983276, 0.37272220849990845]
====================================================================================
===================================Accuracy Output 2=================================================
[0.7101222276687622, 0.8463333249092102, 0.8895221948623657, 0.9110888838768005, 0.9265666604042053, 0.9376555681228638, 0.9461110830307007, 0.9529111385345459, 0.958633303642273, 0.9639000296592712, 0.9662888646125793, 0.9709222316741943, 0.9723888635635376, 0.9746555685997009, 0.9760777950286865, 0.9778444170951843, 0.9797444343566895, 0.9801666736602783, 0.9813888669013977, 0.9823333621025085]
====================================================================================
===================================Loss=================================================
[0.6207547187805176, 0.3270217776298523, 0.23307563364505768, 0.18390846252441406, 0.15185533463954926, 0.1286161243915558, 0.11028128117322922, 0.09644096344709396, 0.08528509736061096, 0.07590912282466888, 0.0691261887550354, 0.06175893917679787, 0.058322370052337646, 0.054230887442827225, 0.05061908811330795, 0.04743022099137306, 0.04309428855776787, 0.0429108552634716, 0.04011480510234833, 0.039150021970272064]
====================================================================================
===============================================================================================================
Event Category Result
===============================================================================================================
>>>><<<<<>>>><<<>>>>><<<<>>><<<<>>>><<<<<>>>><<<<>>>><<<<>>>
              precision    recall  f1-score   support

      health       1.00      1.00      1.00      2500
    business       1.00      1.00      1.00      2163
   education       1.00      1.00      1.00      2856

   micro avg       1.00      1.00      1.00      7519
   macro avg       1.00      1.00      1.00      7519
weighted avg       1.00      1.00      1.00      7519
 samples avg       0.46      0.46      0.46      7519

0.998
<<<<<<<<<<<<<<<<<<<<<<<<<<<<<<<<<<<<<<<<<<<<<<<<<<>>>>>>>>>>>>>>>>>>>>>>>>>>>>>>>>>>>>>>>>>>>>
Polarity Result
<<<<<<<<<<<<<<<<<<<<<<<<<<<<<<<<<<<<<<<<<<<<<<<<<<>>>>>>>>>>>>>>>>>>>>>>>>>>>>>>>>>>>>>>>>>>>>
[[9.99995708e-01 5.91906169e-09 2.35301712e-07 2.30073897e-06
  1.75275693e-06]
 [2.98566520e-05 9.75238442e-01 6.71095463e-14 6.73265917e-18
  2.47317199e-02]
 [1.26299947e-05 7.25071831e-03 3.00583062e-18 2.71186068e-15
  9.92736697e-01]
 ...
 [1.00000000e+00 1.87821170e-14 1.01399755e-23 2.00797038e-15
  1.33696222e-14]
 [8.12521932e-07 7.93475192e-05 9.76047894e-18 1.16278445e-08
  9.99919772e-01]
 [1.00000000e+00 7.35845954e-13 4.64786787e-09 6.27700669e-11
  1.75220360e-09]]
0.9936
              precision    recall  f1-score   support

           0       1.00      1.00      1.00      3400
           1       0.99      0.99      0.99      3944
           2       1.00      0.95      0.97       409
           3       1.00      0.99      0.99       321
           4       0.99      1.00      0.99      1926

    accuracy                           0.99     10000
   macro avg       0.99      0.99      0.99     10000
weighted avg       0.99      0.99      0.99     10000

[[3392    4    0    0    4]
 [   5 3916    1    0   22]
 [   1   18  390    0    0]
 [   0    0    0  318    3]
 [   3    2    0    1 1920]]

