===================================Accuracy Output 1=================================================
[0.4831833243370056, 0.4848555624485016, 0.4768333435058594, 0.5118610858917236, 0.5194944739341736, 0.5162222385406494, 0.5151055455207825, 0.5198388695716858, 0.5184110999107361, 0.5365277528762817, 0.5312277674674988, 0.5694222450256348, 0.556850016117096, 0.5573944449424744, 0.5507555603981018, 0.5598833560943604, 0.5714889168739319, 0.5387611389160156, 0.5513389110565186, 0.5254166722297668]
====================================================================================
===================================Accuracy Output 2=================================================
[0.7737555503845215, 0.8935111165046692, 0.9216333627700806, 0.9349166750907898, 0.9446889162063599, 0.9509222507476807, 0.9564388990402222, 0.9605388641357422, 0.9641000032424927, 0.9673444628715515, 0.9695388674736023, 0.9718111157417297, 0.973633348941803, 0.9750944375991821, 0.9762222170829773, 0.9776222109794617, 0.9789277911186218, 0.9793055653572083, 0.9803611040115356, 0.9815444350242615]
====================================================================================
===================================Loss=================================================
[0.4860638976097107, 0.2246488481760025, 0.16390199959278107, 0.13390839099884033, 0.11493887007236481, 0.10066273808479309, 0.09047038108110428, 0.08122526854276657, 0.07432635873556137, 0.06788628548383713, 0.06301948428153992, 0.058840516954660416, 0.05512420833110809, 0.05221245065331459, 0.04934396222233772, 0.04721638932824135, 0.04471217840909958, 0.04318220168352127, 0.04115169122815132, 0.03942948579788208]
====================================================================================
===============================================================================================================
Event Category Result
===============================================================================================================
>>>><<<<<>>>><<<>>>>><<<<>>><<<<>>>><<<<<>>>><<<<>>>><<<<>>>
              precision    recall  f1-score   support

      health       1.00      1.00      1.00      5253
    business       1.00      1.00      1.00      4271
   education       1.00      1.00      1.00      5759

   micro avg       1.00      1.00      1.00     15283
   macro avg       1.00      1.00      1.00     15283
weighted avg       1.00      1.00      1.00     15283
 samples avg       0.46      0.46      0.46     15283

0.99915
<<<<<<<<<<<<<<<<<<<<<<<<<<<<<<<<<<<<<<<<<<<<<<<<<<>>>>>>>>>>>>>>>>>>>>>>>>>>>>>>>>>>>>>>>>>>>>
Polarity Result
<<<<<<<<<<<<<<<<<<<<<<<<<<<<<<<<<<<<<<<<<<<<<<<<<<>>>>>>>>>>>>>>>>>>>>>>>>>>>>>>>>>>>>>>>>>>>>
[[9.9901772e-01 1.8276213e-04 9.0335002e-09 1.3424749e-08 7.9941342e-04]
 [4.9745391e-05 9.9994612e-01 9.0169590e-16 3.4379092e-21 4.2053271e-06]
 [9.9996793e-01 5.6654189e-06 1.7668939e-05 8.3830020e-07 7.9248603e-06]
 ...
 [9.9996376e-01 1.6636430e-05 1.4986479e-05 2.0380996e-06 2.4692069e-06]
 [9.9855357e-01 6.1478358e-06 2.5795343e-08 1.0091646e-08 1.4402823e-03]
 [9.9999976e-01 7.7176942e-08 1.2398408e-07 2.9416742e-12 1.2946115e-08]]
0.9929
              precision    recall  f1-score   support

           0       1.00      1.00      1.00      6716
           1       1.00      0.99      0.99      8085
           2       0.99      0.99      0.99       797
           3       0.98      0.98      0.98       540
           4       0.98      0.99      0.99      3862

    accuracy                           0.99     20000
   macro avg       0.99      0.99      0.99     20000
weighted avg       0.99      0.99      0.99     20000

[[6696    7    0    2   11]
 [  11 8003   11    1   59]
 [   1    9  787    0    0]
 [   1    0    0  531    8]
 [   5    7    0    9 3841]]

