===================================Accuracy Output 1=================================================
[0.36455556750297546, 0.4953555464744568, 0.5039777755737305, 0.49151110649108887, 0.4729333221912384, 0.4740888774394989, 0.47057777643203735, 0.46720001101493835, 0.4601333439350128, 0.43904444575309753, 0.453511118888855, 0.45188888907432556, 0.46042221784591675, 0.4653555452823639, 0.44764444231987, 0.44991111755371094, 0.46222221851348877, 0.4235333204269409, 0.44431111216545105, 0.435355544090271]
====================================================================================
===================================Accuracy Output 2=================================================
[0.6145555377006531, 0.7063111066818237, 0.743244469165802, 0.7704444527626038, 0.7863110899925232, 0.7991555333137512, 0.8074444532394409, 0.8157777786254883, 0.8211333155632019, 0.8284666538238525, 0.8328222036361694, 0.8404889106750488, 0.8434666395187378, 0.8438222408294678, 0.8500000238418579, 0.8521111011505127, 0.8549333214759827, 0.8592444658279419, 0.862488865852356, 0.8628888726234436]
====================================================================================
===================================Loss=================================================
[0.8773103356361389, 0.6600216627120972, 0.5732192993164062, 0.5176407694816589, 0.48222169280052185, 0.4542882442474365, 0.4353301227092743, 0.416548490524292, 0.4001024663448334, 0.3855557143688202, 0.37591496109962463, 0.3616866171360016, 0.35679879784584045, 0.3525438606739044, 0.3404248356819153, 0.3337724208831787, 0.32936611771583557, 0.3212568461894989, 0.31696152687072754, 0.312648206949234]
====================================================================================
===============================================================================================================
Event Category Result
===============================================================================================================
>>>><<<<<>>>><<<>>>>><<<<>>><<<<>>>><<<<<>>>><<<<>>>><<<<>>>
              precision    recall  f1-score   support

      health       1.00      0.97      0.98      1048
    business       1.00      0.96      0.98      1008
   education       0.99      0.96      0.98      1268

   micro avg       1.00      0.96      0.98      3324
   macro avg       1.00      0.96      0.98      3324
weighted avg       1.00      0.96      0.98      3324
 samples avg       0.40      0.40      0.40      3324

0.9738
<<<<<<<<<<<<<<<<<<<<<<<<<<<<<<<<<<<<<<<<<<<<<<<<<<>>>>>>>>>>>>>>>>>>>>>>>>>>>>>>>>>>>>>>>>>>>>
Polarity Result
<<<<<<<<<<<<<<<<<<<<<<<<<<<<<<<<<<<<<<<<<<<<<<<<<<>>>>>>>>>>>>>>>>>>>>>>>>>>>>>>>>>>>>>>>>>>>>
[[9.70825851e-01 1.10188741e-02 1.50552334e-03 1.86151080e-03
  1.47881359e-02]
 [1.33650437e-01 1.18385710e-01 6.61236583e-04 6.80234656e-02
  6.79279089e-01]
 [8.70380580e-01 9.60942209e-02 1.98653131e-03 2.71572219e-03
  2.88228989e-02]
 ...
 [9.80816185e-01 1.05925463e-02 7.24915764e-04 9.99529264e-04
  6.86675264e-03]
 [6.14498323e-03 9.79281545e-01 2.11968762e-03 1.40821585e-05
  1.24397883e-02]
 [7.02238642e-03 2.59904228e-02 1.21348614e-06 8.05661315e-04
  9.66180265e-01]]
0.9106
              precision    recall  f1-score   support

           0       0.93      0.97      0.95      1720
           1       0.95      0.88      0.91      1891
           2       0.88      0.71      0.78       173
           3       0.92      0.80      0.86       188
           4       0.82      0.93      0.87      1028

    accuracy                           0.91      5000
   macro avg       0.90      0.86      0.87      5000
weighted avg       0.91      0.91      0.91      5000

[[1664   17    0    0   39]
 [  73 1665   16    0  137]
 [   8   43  122    0    0]
 [   8    1    0  151   28]
 [  38   25    0   14  951]]

