===================================Accuracy Output 1=================================================
[0.49453702569007874, 0.490451842546463, 0.48541852831840515, 0.49868518114089966, 0.499529629945755, 0.48557037115097046, 0.4948333203792572, 0.4887666702270508, 0.4935481548309326, 0.4590185284614563, 0.46794813871383667, 0.4532963037490845, 0.4351370334625244, 0.45774075388908386, 0.46699258685112, 0.45280370116233826, 0.4458555579185486, 0.4506111145019531, 0.4107518494129181, 0.4323444366455078]
====================================================================================
===================================Accuracy Output 2=================================================
[0.8026852011680603, 0.9063814878463745, 0.9278036952018738, 0.9392481446266174, 0.9471592307090759, 0.9527851939201355, 0.9571481347084045, 0.9608926177024841, 0.9642148017883301, 0.9664333462715149, 0.969011127948761, 0.9707777500152588, 0.9723296165466309, 0.9737592339515686, 0.9752259254455566, 0.9762036800384521, 0.9768481254577637, 0.9780407547950745, 0.9795259237289429, 0.9796444177627563]
====================================================================================
===================================Loss=================================================
[0.42429786920547485, 0.1961352378129959, 0.14920589327812195, 0.12552565336227417, 0.10964184254407883, 0.09740714728832245, 0.08887029439210892, 0.081112802028656, 0.07464848458766937, 0.06896812468767166, 0.06470534205436707, 0.06026419252157211, 0.057614970952272415, 0.05521319806575775, 0.05223383009433746, 0.05056281015276909, 0.04851881042122841, 0.04676753655076027, 0.04384765028953552, 0.04292893037199974]
====================================================================================
===============================================================================================================
Event Category Result
===============================================================================================================
>>>><<<<<>>>><<<>>>>><<<<>>><<<<>>>><<<<<>>>><<<<>>>><<<<>>>
              precision    recall  f1-score   support

      health       1.00      1.00      1.00      9508
    business       1.00      1.00      1.00      8804
   education       1.00      1.00      1.00     10318

   micro avg       1.00      1.00      1.00     28630
   macro avg       1.00      1.00      1.00     28630
weighted avg       1.00      1.00      1.00     28630
 samples avg       0.57      0.57      0.57     28630

0.9991666666666666
<<<<<<<<<<<<<<<<<<<<<<<<<<<<<<<<<<<<<<<<<<<<<<<<<<>>>>>>>>>>>>>>>>>>>>>>>>>>>>>>>>>>>>>>>>>>>>
Polarity Result
<<<<<<<<<<<<<<<<<<<<<<<<<<<<<<<<<<<<<<<<<<<<<<<<<<>>>>>>>>>>>>>>>>>>>>>>>>>>>>>>>>>>>>>>>>>>>>
[[2.81161292e-11 1.00000000e+00 9.37124753e-11 2.38913220e-29
  2.87774637e-10]
 [2.30876991e-04 9.99762833e-01 1.86777029e-08 2.66163204e-13
  6.26164683e-06]
 [6.45798072e-03 9.12831107e-04 3.14007066e-19 1.74960448e-07
  9.92629051e-01]
 ...
 [2.47393109e-05 9.99890924e-01 2.31653621e-06 2.89114177e-10
  8.19771158e-05]
 [5.59162218e-05 9.99943256e-01 7.21872709e-07 2.38759545e-20
  1.05277195e-07]
 [2.39008455e-06 9.99990106e-01 1.09228574e-06 5.18585963e-17
  6.45342561e-06]]
0.9916
              precision    recall  f1-score   support

           0       1.00      0.99      1.00      9616
           1       1.00      0.99      0.99     13387
           2       0.96      0.99      0.98      1377
           3       0.99      0.98      0.98       673
           4       0.97      0.99      0.98      4947

    accuracy                           0.99     30000
   macro avg       0.98      0.99      0.99     30000
weighted avg       0.99      0.99      0.99     30000

[[ 9557    18     0     2    39]
 [    5 13249    50     1    82]
 [    0    14  1363     0     0]
 [    0     0     0   660    13]
 [    9    13     0     6  4919]]

