===================================Accuracy Output 1=================================================
[0.4845277667045593, 0.4210916757583618, 0.4112027883529663, 0.4038805663585663, 0.41181111335754395, 0.4046666622161865, 0.41889166831970215, 0.44253888726234436, 0.4502222239971161, 0.4478055536746979, 0.47205278277397156, 0.46194443106651306, 0.49221667647361755, 0.4965694546699524, 0.511388897895813, 0.4902583360671997, 0.5011472105979919, 0.5069000124931335, 0.5006861090660095, 0.5403388738632202]
====================================================================================
===================================Accuracy Output 2=================================================
[0.8257083296775818, 0.9176194667816162, 0.9362916946411133, 0.9455194473266602, 0.9525111317634583, 0.9572444558143616, 0.9608111381530762, 0.9634416699409485, 0.9665805697441101, 0.968625009059906, 0.9706555604934692, 0.9715222120285034, 0.9731138944625854, 0.9741805791854858, 0.9753027558326721, 0.9763444662094116, 0.9771416783332825, 0.9781638979911804, 0.9785305261611938, 0.9798027873039246]
====================================================================================
===================================Loss=================================================
[0.3746325969696045, 0.1711798906326294, 0.13173404335975647, 0.11213508248329163, 0.09831622242927551, 0.08891016244888306, 0.0814308226108551, 0.07516803592443466, 0.06989600509405136, 0.06602735817432404, 0.06264511495828629, 0.059120822697877884, 0.05678649991750717, 0.054121147841215134, 0.051967453211545944, 0.04981311410665512, 0.04787503927946091, 0.046481598168611526, 0.04520054906606674, 0.04372655600309372]
====================================================================================
===============================================================================================================
Event Category Result
===============================================================================================================
>>>><<<<<>>>><<<>>>>><<<<>>><<<<>>>><<<<<>>>><<<<>>>><<<<>>>
              precision    recall  f1-score   support

      health       1.00      1.00      1.00     11773
    business       1.00      1.00      1.00      9958
   education       1.00      1.00      1.00     13020

   micro avg       1.00      1.00      1.00     34751
   macro avg       1.00      1.00      1.00     34751
weighted avg       1.00      1.00      1.00     34751
 samples avg       0.52      0.52      0.52     34751

0.999675
<<<<<<<<<<<<<<<<<<<<<<<<<<<<<<<<<<<<<<<<<<<<<<<<<<>>>>>>>>>>>>>>>>>>>>>>>>>>>>>>>>>>>>>>>>>>>>
Polarity Result
<<<<<<<<<<<<<<<<<<<<<<<<<<<<<<<<<<<<<<<<<<<<<<<<<<>>>>>>>>>>>>>>>>>>>>>>>>>>>>>>>>>>>>>>>>>>>>
[[3.70552328e-07 9.99990702e-01 8.35985338e-06 1.64041909e-22
  6.52084111e-07]
 [7.25971802e-07 7.99802318e-03 9.92001176e-01 1.01703902e-35
  1.17115299e-07]
 [9.99951482e-01 3.06351512e-06 1.79363487e-05 1.68135450e-10
  2.75794482e-05]
 ...
 [7.51516898e-04 9.99156594e-01 1.10940855e-05 2.40044373e-11
  8.07616598e-05]
 [4.41950965e-09 2.96476060e-12 2.09762690e-24 9.99512672e-01
  4.87293350e-04]
 [5.91784774e-04 9.98599827e-01 9.82101483e-06 2.12026855e-32
  7.98574707e-04]]
0.990125
              precision    recall  f1-score   support

           0       0.99      0.99      0.99     13159
           1       0.99      0.99      0.99     17199
           2       0.96      0.98      0.97      1718
           3       0.96      0.99      0.97       987
           4       0.99      0.98      0.98      6937

    accuracy                           0.99     40000
   macro avg       0.98      0.99      0.98     40000
weighted avg       0.99      0.99      0.99     40000

[[13091    30     4     2    32]
 [   40 17037    67     0    55]
 [    1    34  1683     0     0]
 [    2     0     0   974    11]
 [   30    52     0    35  6820]]

