===================================Accuracy Output 1=================================================
[0.38277778029441833, 0.4699999988079071, 0.4736666679382324, 0.4896666705608368, 0.4951111078262329, 0.5250222086906433, 0.48784443736076355, 0.514044463634491, 0.5250222086906433, 0.5192444324493408, 0.5368000268936157, 0.509755551815033, 0.519955575466156, 0.514822244644165, 0.5032888650894165, 0.5277777910232544, 0.5344444513320923, 0.4950222074985504, 0.525244414806366, 0.5156000256538391]
====================================================================================
===================================Accuracy Output 2=================================================
[0.6119111180305481, 0.7059110999107361, 0.7485111355781555, 0.7703999876976013, 0.7868000268936157, 0.7993333339691162, 0.8037777543067932, 0.8144222497940063, 0.8202444314956665, 0.8253777623176575, 0.8309999704360962, 0.8343111276626587, 0.8399555683135986, 0.8407333493232727, 0.8465999960899353, 0.8484222292900085, 0.8519777655601501, 0.8551111221313477, 0.8586888909339905, 0.8610888719558716]
====================================================================================
===================================Loss=================================================
[0.8692082762718201, 0.6529467701911926, 0.5683695673942566, 0.5171769857406616, 0.48436054587364197, 0.45724183320999146, 0.4441207945346832, 0.42388832569122314, 0.40806102752685547, 0.39767786860466003, 0.38520047068595886, 0.3784162402153015, 0.3665250539779663, 0.3619235157966614, 0.35332784056663513, 0.3470991849899292, 0.33924582600593567, 0.33651232719421387, 0.3268541991710663, 0.32245081663131714]
====================================================================================
===============================================================================================================
Event Category Result
===============================================================================================================
>>>><<<<<>>>><<<>>>>><<<<>>><<<<>>>><<<<<>>>><<<<>>>><<<<>>>
              precision    recall  f1-score   support

      health       0.99      0.94      0.96      1048
    business       1.00      0.97      0.98      1008
   education       0.99      0.95      0.97      1268

   micro avg       0.99      0.95      0.97      3324
   macro avg       1.00      0.95      0.97      3324
weighted avg       0.99      0.95      0.97      3324
 samples avg       0.40      0.39      0.40      3324

0.9678
<<<<<<<<<<<<<<<<<<<<<<<<<<<<<<<<<<<<<<<<<<<<<<<<<<>>>>>>>>>>>>>>>>>>>>>>>>>>>>>>>>>>>>>>>>>>>>
Polarity Result
<<<<<<<<<<<<<<<<<<<<<<<<<<<<<<<<<<<<<<<<<<<<<<<<<<>>>>>>>>>>>>>>>>>>>>>>>>>>>>>>>>>>>>>>>>>>>>
[[9.7585446e-01 1.0393535e-02 3.7150655e-03 3.2649299e-03 6.7719668e-03]
 [6.0922857e-02 1.8393129e-01 2.1202139e-04 4.5158025e-02 7.0977587e-01]
 [9.7657543e-01 1.8111257e-02 1.3892866e-03 6.1155582e-04 3.3125407e-03]
 ...
 [9.7439742e-01 1.7314443e-02 1.1107022e-03 9.1010187e-04 6.2673781e-03]
 [3.5180673e-02 9.5751446e-01 2.2988499e-03 3.9583119e-06 5.0020106e-03]
 [4.3195639e-02 7.2530228e-01 9.4476744e-04 1.5147903e-03 2.2904247e-01]]
0.9162
              precision    recall  f1-score   support

           0       0.93      0.96      0.95      1720
           1       0.92      0.93      0.93      1891
           2       0.88      0.72      0.79       173
           3       0.84      0.79      0.82       188
           4       0.89      0.88      0.88      1028

    accuracy                           0.92      5000
   macro avg       0.89      0.86      0.87      5000
weighted avg       0.92      0.92      0.92      5000

[[1644   43    0    2   31]
 [  53 1763   17    0   58]
 [  10   38  125    0    0]
 [  12    0    0  149   27]
 [  40   62    0   26  900]]
michael@michael-TUF-Gaming-FA506IV-TUF506IV:~/Documents/ML/multi-label-cnn-covid-19$ 


