===================================Accuracy Output 1=================================================
[0.36151111125946045, 0.495377779006958, 0.5165333151817322, 0.5449555516242981, 0.5489333271980286, 0.5401333570480347, 0.5583778023719788, 0.5510444641113281, 0.5517333149909973, 0.5670889019966125, 0.5901555418968201, 0.5562000274658203, 0.5594666600227356, 0.5693777799606323, 0.5279555320739746, 0.5570444464683533, 0.5771111249923706, 0.5773333311080933, 0.5921111106872559, 0.5590222477912903]
====================================================================================
===================================Accuracy Output 2=================================================
[0.6014444231987, 0.6926888823509216, 0.7324222326278687, 0.7591111063957214, 0.7742000222206116, 0.7852444648742676, 0.7979333400726318, 0.8098222017288208, 0.8148221969604492, 0.8223333358764648, 0.8297777771949768, 0.833733320236206, 0.8360000252723694, 0.8429555296897888, 0.8467333316802979, 0.8506888747215271, 0.855733335018158, 0.8607110977172852, 0.859155535697937, 0.8629999756813049]
====================================================================================
===================================Loss=================================================
[0.8939094543457031, 0.6821804642677307, 0.5978307723999023, 0.5444413423538208, 0.5066081881523132, 0.4756433069705963, 0.4552914798259735, 0.43036210536956787, 0.414082407951355, 0.3991740942001343, 0.38578924536705017, 0.3757725656032562, 0.367031067609787, 0.353927880525589, 0.34723523259162903, 0.3370286822319031, 0.33036231994628906, 0.3227541148662567, 0.3183358907699585, 0.3128716051578522]
====================================================================================
===============================================================================================================
Event Category Result
===============================================================================================================
>>>><<<<<>>>><<<>>>>><<<<>>><<<<>>>><<<<<>>>><<<<>>>><<<<>>>
              precision    recall  f1-score   support

      health       0.98      0.97      0.97      1048
    business       0.99      0.96      0.98      1008
   education       0.99      0.94      0.97      1268

   micro avg       0.99      0.95      0.97      3324
   macro avg       0.99      0.96      0.97      3324
weighted avg       0.99      0.95      0.97      3324
 samples avg       0.40      0.40      0.40      3324

0.965
<<<<<<<<<<<<<<<<<<<<<<<<<<<<<<<<<<<<<<<<<<<<<<<<<<>>>>>>>>>>>>>>>>>>>>>>>>>>>>>>>>>>>>>>>>>>>>
Polarity Result
<<<<<<<<<<<<<<<<<<<<<<<<<<<<<<<<<<<<<<<<<<<<<<<<<<>>>>>>>>>>>>>>>>>>>>>>>>>>>>>>>>>>>>>>>>>>>>
[[9.8677516e-01 5.6845318e-03 1.2040329e-04 3.7036545e-05 7.3828585e-03]
 [1.6444744e-01 2.2263418e-01 7.2534443e-05 1.7682980e-03 6.1107749e-01]
 [9.4142532e-01 1.9294441e-02 3.3264011e-04 2.4539148e-03 3.6493666e-02]
 ...
 [9.9813449e-01 1.2064126e-03 1.1019561e-04 4.7505158e-04 7.3895448e-05]
 [2.1330547e-03 9.8176771e-01 7.6563028e-03 1.1595458e-05 8.4313350e-03]
 [6.1655873e-03 7.5551003e-01 1.4299010e-05 7.1334152e-06 2.3830295e-01]]
0.921
              precision    recall  f1-score   support

           0       0.95      0.96      0.95      1720
           1       0.90      0.96      0.93      1891
           2       0.92      0.71      0.80       173
           3       0.92      0.78      0.84       188
           4       0.93      0.85      0.89      1028

    accuracy                           0.92      5000
   macro avg       0.92      0.85      0.88      5000
weighted avg       0.92      0.92      0.92      5000

[[1645   53    0    4   18]
 [  39 1819   11    0   22]
 [   8   42  123    0    0]
 [  10    4    0  147   27]
 [  35  113    0    9  871]]

