===================================Accuracy Output 1=================================================
[0.43877777457237244, 0.4937555491924286, 0.4658888876438141, 0.47066667675971985, 0.46219998598098755, 0.4596444368362427, 0.4702000021934509, 0.4589333236217499, 0.453511118888855, 0.45320001244544983, 0.4396222233772278, 0.43540000915527344, 0.45588889718055725, 0.4603555500507355, 0.4559110999107361, 0.4811111092567444, 0.4779333472251892, 0.47351109981536865, 0.47093334794044495, 0.46817776560783386]
====================================================================================
===================================Accuracy Output 2=================================================
[0.647933304309845, 0.7815999984741211, 0.8462444543838501, 0.878777801990509, 0.9046888947486877, 0.9228222370147705, 0.9375110864639282, 0.9471111297607422, 0.9550444483757019, 0.9619555473327637, 0.9663333296775818, 0.9704889059066772, 0.9746222496032715, 0.9776889085769653, 0.9772889018058777, 0.9806666374206543, 0.9814444184303284, 0.9821555614471436, 0.984333336353302, 0.9853333234786987]
====================================================================================
===================================Loss=================================================
[0.7674027681350708, 0.4653863310813904, 0.3256138563156128, 0.2498251050710678, 0.19639486074447632, 0.15782299637794495, 0.13065868616104126, 0.10917860269546509, 0.09299822151660919, 0.08035875856876373, 0.0696183517575264, 0.06279131770133972, 0.0563090555369854, 0.05039919167757034, 0.04980470985174179, 0.04490409046411514, 0.041217777878046036, 0.04004927724599838, 0.03666092827916145, 0.03389640152454376]
====================================================================================
===============================================================================================================
Event Category Result
===============================================================================================================
>>>><<<<<>>>><<<>>>>><<<<>>><<<<>>>><<<<<>>>><<<<>>>><<<<>>>
              precision    recall  f1-score   support

      health       1.00      1.00      1.00      1048
    business       1.00      1.00      1.00      1008
   education       1.00      1.00      1.00      1268

   micro avg       1.00      1.00      1.00      3324
   macro avg       1.00      1.00      1.00      3324
weighted avg       1.00      1.00      1.00      3324
 samples avg       0.42      0.42      0.42      3324

0.9994
<<<<<<<<<<<<<<<<<<<<<<<<<<<<<<<<<<<<<<<<<<<<<<<<<<>>>>>>>>>>>>>>>>>>>>>>>>>>>>>>>>>>>>>>>>>>>>
Polarity Result
<<<<<<<<<<<<<<<<<<<<<<<<<<<<<<<<<<<<<<<<<<<<<<<<<<>>>>>>>>>>>>>>>>>>>>>>>>>>>>>>>>>>>>>>>>>>>>
[[9.9999845e-01 1.5156915e-06 3.1357057e-09 1.6819370e-10 4.1040881e-08]
 [2.8588707e-05 2.2026088e-05 3.7970085e-20 4.9752069e-10 9.9994934e-01]
 [9.9999976e-01 8.1413631e-08 1.2744630e-11 2.0453061e-11 1.4512457e-07]
 ...
 [9.9940741e-01 5.9255038e-04 1.3815158e-08 5.4207188e-14 3.7517607e-09]
 [9.7916466e-09 1.0000000e+00 4.1530662e-08 2.1460384e-20 3.9513584e-08]
 [4.1354570e-04 2.3016868e-04 8.8895570e-18 1.3993078e-06 9.9935490e-01]]
0.9926
              precision    recall  f1-score   support

           0       1.00      1.00      1.00      1720
           1       0.99      1.00      1.00      1891
           2       1.00      0.97      0.99       173
           3       0.99      0.94      0.96       188
           4       0.99      0.99      0.99      1028

    accuracy                           0.99      5000
   macro avg       0.99      0.98      0.99      5000
weighted avg       0.99      0.99      0.99      5000

[[1713    5    0    0    2]
 [   0 1889    0    0    2]
 [   1    4  168    0    0]
 [   2    0    0  176   10]
 [   3    6    0    2 1017]]

